100
49
62
11
89
11
40
50
70
77
45
42
96
7
63
11
100
95
93
80
72
33
15
89
63
54
17
7
49
15
59
48
32
36
12
9
3
89
18
39
8
57
10
57
44
7
4
41
2
44
22
30
19
3
46
77
17
32
84
19
35
65
46
62
43
6
61
60
75
90
24
54
72
13
79
1
63
7
33
13
65
6
80
11
12
94
59
88
49
86
18
60
45
26
35
86
42
82
64
42
83
31
36
1
89
51
61
35
39
40
36
93
97
14
49
86
66
60
30
56
91
46
85
93
32
6
72
17
15
90
77
18
41
57
69
39
69
69
41
33
7
54
38
41
46
100
51
9
58
20
8
41
14
56
17
91
31
87
35
94
50
9
34
8
63
70
57
82
30
62
77
21
24
93
97
70
26
57
37
15
16
92
16
41
70
95
19
71
49
25
44
73
78
39
56
87
66
70
66
23
48
54
2
28
77
1
24
28
75
18
6
28
24
58
70
33
52
19
92
68
82
63
84
21
40
2
87
11
85
43
27
90
30
46
72
66
7
57
19
6
35
71
56
96
56
51
32
39
80
20
84
21
56
77
60
37
79
61
43
64
24
48
98
18
13
98
24
33
64
27
38
72
57
91
48
55
37
69
77
10
16
23
68
96
89
46
80
97
63
66
2
30
25
52
48
54
91
29
65
47
81
51
89
27
34
100
3
16
26
8
96
45
97
2
42
26
80
44
55
24
22
30
8
94
63
76
67
84
62
48
87
98
80
42
46
90
52
50
18
69
20
31
14
28
100
14
50
78
29
60
31
83
19
24
2
66
70
70
5
82
1
7
5
26
97
24
88
4
75
33
18
27
97
50
42
92
25
73
42
43
73
41
39
4
46
97
81
27
80
12
27
86
64
77
20
31
35
87
69
70
49
20
19
84
65
43
46
9
12
35
43
59
51
62
77
24
37
25
79
2
99
37
100
6
6
53
6
97
44
63
8
4
33
11
24
99
52
89
48
5
73
16
56
49
96
18
15
60
11
86
74
64
3
85
4
43
38
83
26
53
18
40
6
24
51
31
45
10
13
30
46
95
56
32
87
89
48
45
20
3
45
48
23
51
59
73
70
45
93
17
68
46
27
88
87
49
80
28
45
69
62
62
65
54
32
66
97
100
95
63
16
39
65
1
13
17
70
1
33
82
33
93
11
51
69
19
66
42
47
17
9
3
34
43
25
99
8
57
80
68
39
44
54
94
59
99
50
10
45
72
24
49
66
30
10
98
46
63
37
61
65
33
39
100
64
33
44
8
59
16
57
81
81
6
27
6
30
31
62
60
1
46
79
91
2
68
13
28
65
83
93
45
90
20
73
20
1
60
58
58
96
68
10
3
44
35
90
16
53
20
31
15
76
11
69
58
23
9
96
72
71
96
67
21
94
38
28
30
38
1
68
87
48
18
28
59
6
23
18
94
78
46
54
80
82
87
68
76
84
4
30
58
93
38
97
37
80
95
73
69
72
98
14
87
76
39
82
60
66
42
84
82
40
91
21
94
73
49
33
53
37
55
65
38
25
40
18
21
4
14
20
27
88
96
74
15
10
90
32
39
39
35
66
63
8
9
22
31
41
79
16
6
81
38
47
42
28
37
79
60
39
9
49
64
66
6
82
34
11
55
45
20
65
37
70
58
49
29
83
18
39
36
1
10
33
63
55
62
57
99
84
15
46
100
45
40
18
90
84
75
56
13
51
12
51
17
90
48
25
72
20
89
26
64
58
75
34
48
65
55
14
86
61
46
88
47
74
79
43
75
1
29
51
22
20
26
38
46
83
14
6
98
21
55
38
9
36
50
65
21
37
70
24
31
48
76
58
6
75
54
13
93
34
59
68
39
56
15
88
95
74
14
18
82
56
4
84
76
70
49
4
55
29
5
40
45
14
69
30
16
80
99
79
38
86
41
7
63
30
43
99
49
88
74
9
6
5
24
69
99
14
99
95
12
37
89
68
50
2
44
46
10
59
45
11
61
4
26
82
94
29
77
48
54
98
9
40
85
20
52
38
45
5
21
49
31
56
82
20
33
88
1
20
46
88
77
48
74
58
29
33
29
28
5
53
86
10
72
7
11
1
47
48
36
45
32
70
22
70
10
92
29
80
84
65
69
46
27
89
96
38
47
63
77
97
78
65
41
63
19
82
28
10
90
64
100
15
67
2
100
64
15
68
28
33
62
51
94
33
81
96
10
74
95
2
97
23
75
79
58
61
8
80
25
97
5
82
47
7
34
4
37
63
37
42
4
88
37
89
16
15
13
34
53
84
69
88
67
60
98
79
62
24
17
54
62
62
9
73
68
85
93
49
38
97
20
78
74
38
76
29
46
96
51
23
27
49
38
85
74
8
89
2
31
69
93
13
14
33
86
55
62
71
50
50
50
87
39
81
78
25
71
98
68
7
61
27
39
11
57
17
27
14
72
24
93
13
19
63
45
77
84
87
84
55
93
7
82
59
57
4
83
50
20
50
23
31
55
59
60
91
7
29
1
93
20
78
41
4
11
79
4
29
41
95
20
30
36
83
65
82
5
71
20
19
38
51
24
45
32
17
16
43
57
77
1
86
45
95
79
71
37
92
47
51
31
14
89
52
1
3
27
35
84
35
35
6
84
80
82
92
35
41
1
23
55
35
55
27
20
67
92
7
66
13
83
12
40
62
66
26
16
78
98
89
98
49
74
48
26
64
72
70
40
100
10
88
42
38
26
55
19
36
37
73
32
74
49
99
60
33
34
16
44
53
34
25
7
74
86
60
17
31
17
61
66
95
7
17
89
37
55
30
83
13
64
22
38
93
3
45
18
21
58
80
34
84
78
72
6
3
57
76
10
91
93
64
8
99
8
62
67
90
26
88
14
12
61
59
67
74
51
89
23
65
86
31
95
35
30
70
32
17
67
14
84
42
68
77
5
10
97
17
27
76
59
18
91
22
17
17
34
18
87
55
37
21
71
20
4
6
56
55
95
57
67
73
8
1
59
81
19
40
61
20
24
25
22
60
14
90
23
60
57
68
72
63
75
57
26
50
25
75
12
77
26
31
90
42
18
56
18
66
49
18
57
71
49
85
75
35
70
42
87
17
46
82
27
60
31
74
96
7
67
82
2
39
64
40
79
48
31
53
40
72
69
31
94
84
95
9
32
89
26
16
78
28
29
17
55
74
21
55
58
25
57
19
52
55
59
31
48
19
73
96
100
64
84
74
47
56
49
63
58
78
45
36
96
32
96
58
90
99
63
32
48
66
44
60
15
42
98
72
58
77
40
80
8
18
21
41
100
69
2
66
76
60
29
93
66
62
70
49
67
4
70
86
8
34
22
11
98
33
66
59
24
53
78
46
98
50
38
29
99
9
92
52
15
27
88
